130
0 121.447605 31.030663 0
1 121.432931 31.026098 0
2 121.432648 31.026768 0
3 121.433317 31.027603 0
4 121.434494 31.02816 0
5 121.435145 31.026965 0
6 121.436304 31.024779 0
7 121.433991 31.024276 1
8 121.43541 31.024737 0
9 121.435989 31.023928 0
10 121.436933 31.024934 0
11 121.437153 31.025027 0
12 121.437844 31.025406 0
13 121.438388 31.024323 0
14 121.438945 31.024288 0
15 121.438038 31.025514 0
16 121.438159 31.025692 0
17 121.438321 31.025592 0
18 121.438491 31.025182 0
19 121.43881 31.025665 0
20 121.439659 31.025816 0
21 121.438231 31.025951 0
22 121.437979 31.027638 0
23 121.437907 31.027959 0
24 121.43678 31.027839 0
25 121.438379 31.028063 1
26 121.43766 31.028856 0
27 121.436439 31.028825 0
28 121.439174 31.028237 0
29 121.438972 31.028562 0
30 121.438716 31.029077 0
31 121.439574 31.028396 1
32 121.439933 31.025108 0
33 121.434364 31.028435 0
34 121.434184 31.028764 0
35 121.433182 31.028806 0
36 121.432917 31.028736 0
37 121.432585 31.028609 0
38 121.432356 31.028729 0
39 121.432055 31.029417 0
40 121.431363 31.029235 0
41 121.432104 31.029773 0
42 121.43205 31.030191 0
43 121.432585 31.030392 0
44 121.432949 31.029657 0
45 121.433825 31.029932 0
46 121.433573 31.030725 0
47 121.433506 31.031011 0
48 121.433164 31.031754 0
49 121.432904 31.032206 0
50 121.4317 31.031804 0
51 121.433721 31.032457 0
52 121.433937 31.032036 0
53 121.434242 31.031258 0
54 121.434435 31.029553 1
55 121.434956 31.030052 0
56 121.436389 31.029127 0
57 121.437436 31.029452 0
58 121.438415 31.029796 0
59 121.438159 31.03026 0
60 121.437898 31.030814 0
61 121.437647 31.031429 0
62 121.436933 31.030759 0
63 121.43612 31.030535 1
64 121.435751 31.031425 0
65 121.435621 31.031719 1
66 121.435621 31.031719 0
67 121.437422 31.031955 0
68 121.43607 31.031893 0
69 121.436942 31.033045 0
70 121.435724 31.032608 0
71 121.435545 31.033076 0
72 121.437144 31.030195 1
73 121.440845 31.028779 0
74 121.441096 31.028876 0
75 121.441456 31.029228 1
76 121.441833 31.028988 0
77 121.442421 31.0278 1
78 121.442709 31.026918 0
79 121.443216 31.028725 0
80 121.443144 31.02985 0
81 121.442588 31.031212 0
82 121.443863 31.028516 0
83 121.444519 31.027143 0
84 121.445512 31.027456 0
85 121.444986 31.028822 0
86 121.444613 31.028702 0
87 121.44464 31.029603 0
88 121.444294 31.030338 0
89 121.443719 31.031618 0
90 121.446648 31.029309 1
91 121.4472 31.027974 0
92 121.446262 31.030144 0
93 121.44579 31.031278 0
94 121.442695 31.035339 0
95 121.440971 31.034813 1
96 121.439345 31.034341 1
97 121.439776 31.033328 0
98 121.440315 31.032345 0
99 121.44186 31.032848 0
100 121.4393 31.035765 0
101 121.444528 31.035966 0
102 121.448229 31.037211 1
103 121.447492 31.038975 0
104 121.44866 31.036306 1
105 121.451465 31.036782 1
106 121.453621 31.034767 0
107 121.452011 31.034302 0
108 121.449177 31.035157 0
109 121.445422 31.03395 0
110 121.446212 31.032419 0
111 121.448314 31.033053 1
112 121.448948 31.031398 0
113 121.451059 31.030686 0
114 121.448678 31.029943 0
115 121.447456 31.030469 0
116 121.454283 31.033161 1
117 121.455092 31.030949 0
118 121.454337 31.030129 0
119 121.45171 31.029359 1
120 121.446639 31.029282 0
121 121.447187 31.027974 0
122 121.432026 31.034306 0
123 121.432322 31.033595 1
124 121.431554 31.033355 0
125 121.430966 31.033602 0
126 121.431298 31.0325 0
127 121.436796 31.033479 0
128 121.436796 31.033479 0
129 121.434204 31.03467 1
