130	
0 114 25
0 115 142
1 2 79
1 5 232
1 7 232
7 8 153
8 9 188
8 6 86
5 6 266
5 4 149
4 3 149
6 10 64
10 11 21
11 12 74
12 15 20
12 13 127
13 14 33
15 16 24
15 17 30
16 17 21
17 18 50
17 19 68
16 21 28
19 20 80
20 32 80
21 22 189
22 23 37
23 25 76
23 24 109
25 28 78
28 31 43
33 4 32
57 26 70
58 30 83
73 31 155
20 78 338
20 83 482
33 34 40
34 35 119
35 36 30
36 37 32
37 38 24
38 39 81
39 40 67
39 41 18
41 42 38
42 43 63
43 46 95
46 47 35
47 48 84
48 49 54
49 50 130
49 51 73
51 52 50
52 53 90
53 47 77
53 65 140
65 64 35
64 63 103
63 62 76
62 72 68
62 60 124
62 61 106
61 67 64
67 68 164
67 69 130
68 65 42
65 66 87
66 70 42
70 68 90
70 71 52
59 60 70
59 58 56
58 57 102
73 74 26
74 75 97
75 76 31
74 76 97
75 80 68
76 79 136
80 79 124
80 81 164
79 82 66
82 83 167
83 84 103
84 94 64
84 91 171
84 85 158
82 86 76
86 85 37
85 87 93
87 88 85
88 89 154
87 92 168
92 93 135
92 90 103
90 91 158
91 119 454
90 115 206
89 92 174
81 99 202
92 93 192
93 99 284
99 98 160
98 97 121
99 95 229
95 96 164
96 97 125
96 100 163
94 101 189
101 109 232
93 109 67
92 110 75
110 111 215
111 112	189
110 114	248
114 115	131
115 113	246
113 112	234
112 111	210
111 107	380
107 108	266
108 104	173
104 102	109
101 102	379
108 109	378
107 106	174
106 116	188
116 117	297
117 118	95
118 119	267
102 103	210
125 124	65
124 123	60
123 122	67
122 125	127
124 126 106
126 50 82
123 49 162
129 71 93
