20
0 121.437495362381 31.0275804094341 0
1 121.437358848068 31.0287230937592 1
2 121.438150049120 31.0289752181163 1
3 121.438958557030 31.0286685231435 0
4 121.439960505226 31.0263283758533 1
5 121.436044058942 31.0282978833244 0
6 121.435166244654 31.0280175632860 1
7 121.437352 31.028567 1
8 121.437327 31.028240 1
9 121.437354 31.028004 1
10 121.437481 31.027567 1
11 121.437523 31.027480 1
12 121.437535 31.027454 1
13 121.437670 31.027240 1
14 121.438027 31.026855 1
15 121.438476 31.026562 1
16 121.439109 31.026352 1
17 121.438246 31.028889 1
18 121.438431 31.028784 1
19 121.438660 31.028677 1
